
dataset: MovieLens-Centered
evaluator: MAERecommenderEvaluator
80.0% of each user's preferences used for training.
20.0% of users used for evaluation.
UserBasedKnnDotProductSimilarityRecBuilder(100,1.0,1.0,1.0): 		0.1949462476211153 (0.18706631298414425,0.19430656098587384,0.19623581097366155,0.19357251860718602,0.20355003455471074)
UserBasedKnnDotProductSimilarityRecBuilder(100,2.0,1.0,1.0): 		0.19190823276148183 (0.18498223580086987,0.1874661504796586,0.1997033868589381,0.19479486787627504,0.19259452279166764)
UserBasedKnnDotProductSimilarityRecBuilder(100,3.0,1.0,1.0): 		0.1938841364290367 (0.19367723482444832,0.1929432777989015,0.19565466996224168,0.1985324340296972,0.18861306552989474)
UserBasedKnnDotProductSimilarityRecBuilder(100,4.0,1.0,1.0): 		0.1929186105995469 (0.19161305570751275,0.19296813275209124,0.19535119239115,0.18864379286358918,0.19601687928339154)
UserBasedKnnDotProductSimilarityRecBuilder(100,5.0,1.0,1.0): 		0.19145438339536855 (0.1876357369810386,0.19745564083144873,0.1845223134915044,0.19296836135908702,0.194689864313764)
UserBasedKnnDotProductSimilarityRecBuilder(100,6.0,1.0,1.0): 		0.19103176618886555 (0.20112128699966642,0.19609805592561053,0.19117628639245773,0.18831727196246678,0.17844592966412637)
UserBasedKnnDotProductSimilarityRecBuilder(100,7.0,1.0,1.0): 		0.19458779338322932 (0.1915569289825132,0.1944823170782946,0.19093497556293856,0.19993299179209417,0.19603175350030594)
UserBasedKnnDotProductSimilarityRecBuilder(100,8.0,1.0,1.0): 		0.19076862441974457 (0.19226165922711622,0.18958948438428813,0.19080841510108804,0.18673147920068472,0.19445208418554574)
UserBasedKnnDotProductSimilarityRecBuilder(100,9.0,1.0,1.0): 		0.19074591739583352 (0.1982792436581823,0.18756946315747494,0.18478313906557664,0.18631886060622752,0.19677888049170628)
UserBasedKnnDotProductSimilarityRecBuilder(100,10.0,1.0,1.0): 		0.19369552517410288 (0.19727346839639004,0.19287000732252085,0.19549936726308348,0.19365273450062737,0.18918204838789252)

dataset: MovieLens-Centered
evaluator: MAERecommenderEvaluator
80.0% of each user's preferences used for training.
20.0% of users used for evaluation.
UserBasedKnnDotProductSimilarityRecBuilder(100,1.0,1.0,0.2): 		0.19352312720153392 (0.19676490687759474,0.19452284326660355,0.1890493007054919,0.19516420395322398,0.19211438120475546)
UserBasedKnnDotProductSimilarityRecBuilder(100,1.0,1.0,0.4): 		0.1891335238587446 (0.18722964458904545,0.19119535229639004,0.18633972573725138,0.18788203043536555,0.19302086623567066)
UserBasedKnnDotProductSimilarityRecBuilder(100,1.0,1.0,0.6): 		0.19313743777087564 (0.1919321014498813,0.18622887271749683,0.1958723657574381,0.18878156456797693,0.202872284361585)
UserBasedKnnDotProductSimilarityRecBuilder(100,1.0,1.0,0.8): 		0.19226516183996906 (0.18720789425904893,0.19413307764189694,0.19464210166137255,0.18807804342980472,0.19726469220772228)
UserBasedKnnDotProductSimilarityRecBuilder(100,1.0,1.0,1.0): 		0.19217330644833316 (0.1918106162661021,0.19450929774769257,0.18965107885711777,0.19012552836461788,0.1947700110061354)
UserBasedKnnDotProductSimilarityRecBuilder(100,1.0,1.0,1.2): 		0.18997310103612533 (0.18895460369850686,0.18783102959833742,0.18790037354434888,0.18767497334017788,0.1975045249992555)
UserBasedKnnDotProductSimilarityRecBuilder(100,1.0,1.0,1.4): 		0.19171975437089409 (0.19933105326105047,0.1826542514257725,0.19225565887199803,0.19527552000717968,0.1890822882884698)

dataset: MovieLens-Centered
evaluator: MAERecommenderEvaluator
80.0% of each user's preferences used for training.
20.0% of users used for evaluation.
UserBasedKnnDotProductSimilarityRecBuilder(100,1.0,0.2,1.0): 		0.19255246391536762 (0.19311075667601965,0.18918030339899206,0.19897123029067312,0.1899312496154982,0.19156877959565508)
UserBasedKnnDotProductSimilarityRecBuilder(100,1.0,0.4,1.0): 		0.19217340918959794 (0.1883718302305772,0.19395725551352608,0.18897394995665104,0.19773849802868168,0.19182551221855357)
UserBasedKnnDotProductSimilarityRecBuilder(100,1.0,0.6,1.0): 		0.1893117043686073 (0.1901002988933103,0.19547836758138035,0.18443181956743745,0.18603973912207283,0.19050829667883565)
UserBasedKnnDotProductSimilarityRecBuilder(100,1.0,0.8,1.0): 		0.18980270117374104 (0.1865791213701253,0.19296556669308312,0.1894959914485729,0.18860620218067214,0.19136662417625175)
UserBasedKnnDotProductSimilarityRecBuilder(100,1.0,1.0,1.0): 		0.19527757686531963 (0.1955623132668734,0.20123466288083558,0.1920010536729208,0.1909767721277877,0.19661308237818073)
UserBasedKnnDotProductSimilarityRecBuilder(100,1.0,1.2,1.0): 		0.19196680273455274 (0.19327918853972437,0.1901264861723237,0.19018361493886154,0.1972804030631075,0.18896432095874666)
UserBasedKnnDotProductSimilarityRecBuilder(100,1.0,1.4,1.0): 		0.1940264865206161 (0.19194938006328077,0.19445228449201943,0.20265517244030987,0.18387932039100538,0.1971962752164651)
